424 ,1 ,15, 18, 34, 46, 46, 53, 53, 53, 54, 65, 67, 77, 91, 96,  
2 ,55, 65, 70, 83, 83, 89, 96, 98, 98, 99, 104, 110, 136, 137,  
3 ,1, 10, 10, 13, 20, 31, 31, 34, 34, 37, 37, 47, 56, 59,  
323 ,323 ,1 ,53, 55, 93, 102, 123, 126, 128, 142, 143, 144, 144, 145, 145, 148,  
2 ,18, 32, 32, 34, 39, 46, 53, 67, 67, 70, 77, 89, 91, 91,  
1 ,84, 94, 102, 107, 112, 123, 123, 128, 128, 131, 132, 144, 148, 149,  
2 ,38, 51, 51, 58, 62, 72, 75, 83, 90, 98, 99, 104, 113, 124,  
3 ,0, 1, 5, 8, 8, 20, 20, 31, 37, 46, 47, 57, 59, 73,  
342 ,1 ,65, 71, 84, 93, 98, 112, 112, 122, 131, 143, 145, 149, 149, 150,  
2 ,0, 0, 0, 5, 5, 5, 6, 15, 15, 22, 22, 34, 34, 44,  
3 ,10, 15, 15, 29, 31, 39, 39, 48, 48, 54, 57, 67, 78, 91,  
442 ,1 ,32, 38, 46, 50, 53, 62, 67, 75, 75, 89, 89, 99, 100, 113,  
2 ,51, 53, 58, 70, 72, 83, 83, 96, 99, 110, 110, 124, 124, 136,  
3 ,71, 84, 84, 84, 89, 98, 98, 103, 110, 119, 124, 132, 137, 144,  
